c        ******************************************
c         liste des molecules tabulees.
c        ******************************************
 13   1 1 h(.)              hydrogene atome               0 1.0 1.0     2 1.0j73
 13   1 2  1  52.100 1  27.40015  5.00  5.00  5.00  5.00  5.00  5.00  5.00 7 j73
 13   1 3  0 0  0  0  0  0  0  0  0  1  0  0  0  0  0  0  0  0  0  0  0  0  0j73
 13   2 1 'br'(.)           bromo                         0 1.0 1.0     2 1.0j73
 13   2 2  1  26.700 1  41.80015  5.00  5.00  5.00  5.10  5.10  5.10  5.30 7 j73
 13   2 3  0 0  1  0  0  0  0  0  0  0  0  0  0  0  0  0  0  0  0  0  0  0  0j73
 13   3 1 'cl'(.)           chloro                        0 1.0 1.0     2 1.0j73
 13   3 2  1  28.900 1  39.50015  5.20  5.30  5.40  5.40  5.30  5.30  5.20 7 j73
 13   3 3  0 0  0  0  0  1  0  0  0  0  0  0  0  0  0  0  0  0  0  0  0  0  0j73
 13   4 1 f(.)              fluoro                        0 1.0 1.0     2 1.0j73
 13   4 2  1  18.900 1  37.90015  5.40  5.35  5.30  5.20  5.10  5.00  5.00 7 j73
 13   4 3  0 0  0  0  0  0  0  1  0  0  0  0  0  0  0  0  0  0  0  0  0  0  0j73
 13   5 1 i(.)              iodo                          0 1.0 1.0     1 1.0j73
 13   5 2  1  25.500 1  43.20015  5.00  5.00  5.00  5.00  5.00  5.00  5.00 7 j73
 13   5 3  0 0  0  0  0  0  0  0  0  0  0  1  0  0  0  0  0  0  0  0  0  0  0j73
 13   7 1 oh(.)             hydroxy                       0 1.0 1.0     2 1.0j73
 13   7 2  1   9.400 1  43.90015  7.20  7.10  7.10  7.10  7.20  7.30  7.90 7 j73
 13   7 3  0 0  0  0  0  0  0  0  0  1  0  0  0  1  0  0  0  0  0  0  0  0  0j73
 13   9 1 nh2(.)            amino                         0 1.0 1.0     2 2.0j73
 13   9 2  1  46.500 1  46.50015  8.00  8.25  8.50  8.80  9.50 10.20 12.50 7 j73
 13   9 3  0 0  0  0  0  0  0  0  0  2  0  0  1  0  0  0  0  0  0  0  0  0  0j73
 13  12 1 ch3(.)            methyle                       0 1.0 1.0     2 6.0j73
 13  12 2  1  34.300 1  46.40015  8.80  9.70 10.60 11.45 13.20 14.50 16.80 7 j73
 13  12 3  0 0  0  1  0  0  0  0  0  3  0  0  0  0  0  0  0  0  0  0  0  0  0j73
 13  13 1 o(.)              oxygene atome                 0 1.0 1.0     2 1.0j73
 13  13 2  1  59.600 1  38.50015  5.20  5.15  5.10  5.05  5.00  5.00  5.00 7 j73
 13  13 3  0 0  0  0  0  0  0  0  0  0  0  0  0  1  0  0  0  0  0  0  0  0  0j73
