00000001
  -CPSS-  0516920914
hydrogen-radical
  1  0  0  0  0  0  0  0  0  0  0
   -3.3200   -0.1800    0.0000 H   0  4     0  0  0  0  0  0
$$$$
00000002
  -CPSS-  0516920914
hydrogen
  2  1  0  0  0  0  0  0  0  0  0
   -3.3200   -0.1800    0.0000 H   0  0     0  0  0  0  0  0
   -1.3300    1.1500    0.0000 H   0  0     0  0  0  0  0  0
  2  1  1  0  2  0  0
$$$$
00010001
  -CPSS-  0516920914
oxygen-radical
  1  0  0  0  0  0  0  0  0  0  0
   -3.3200   -0.1800    0.0000 O   0  0     0  0  0  0  0  0
$$$$
01020002
  -CPSS-  0516920914
oxygen
  2  1  0  0  0  0  0  0  0  0  0
   -3.3200   -0.1800    0.0000 O   0  0     0  0  0  0  0  0
   -1.3300    1.1500    0.0000 O   0  0     0  0  0  0  0  0
  2  1  2  0  2  0  0
$$$$
