1
 -CPSS-  151297
general-carbon-hydrogen-bond
  5  4  0  0  0
    0.1609    0.4377    0.0000 C   0  0  0  0  0  0  0  0  0  1  0  0
    0.1609    0.4377    0.0000 H   0  0  0  0  0  0  0  0  0  2  0  0
    0.1609    0.4377    0.0000 Q   0  0  0  0  0  0  0  0  0  3  0  0
    0.1609    0.4377    0.0000 Q   0  0  0  0  0  0  0  0  0  4  0  0
    0.1609    0.4377    0.0000 Q   0  0  0  0  0  0  0  0  0  5  0  0
  1  3  1  0  0  0  4
  1  4  1  0  0  0  4
  1  5  1  0  0  0  4
  1  2  1  0  0  0  4
$$$$
2
 -CPSS-  151297
methane
  5  4  0  0  0
    0.1609    0.4377    0.0000 C   0  0  0  0  0  0  0  0  0  1  0  0
    0.1609    0.4377    0.0000 H   0  0  0  0  0  0  0  0  0  2  0  0
    0.1609    0.4377    0.0000 H   0  0  0  0  0  0  0  0  0  3  0  0
    0.1609    0.4377    0.0000 H   0  0  0  0  0  0  0  0  0  4  0  0
    0.1609    0.4377    0.0000 H   0  0  0  0  0  0  0  0  0  5  0  0
  1  3  1  0  0  0  4
  1  4  1  0  0  0  4
  1  5  1  0  0  0  4
  1  2  1  0  0  0  4
$$$$
3
 -CPSS-  151297
primary-carbon-hydrogen-bond
  5  4  0  0  0
    0.1609    0.4377    0.0000 C   0  0  0  0  0  0  0  0  0  1  0  0
    0.1609    0.4377    0.0000 H   0  0  0  0  0  0  0  0  0  2  0  0
    0.1609    0.4377    0.0000 R   0  0  0  0  0  0  0  0  0  3  0  0
    0.1609    0.4377    0.0000 H   0  0  0  0  0  0  0  0  0  4  0  0
    0.1609    0.4377    0.0000 H   0  0  0  0  0  0  0  0  0  5  0  0
  1  2  1  0  0  0  4
  1  3  1  0  0  0  4
  1  4  1  0  0  0  4
  1  5  1  0  0  0  4
$$$$
5
 -CPSS-  151297
secondary-carbon-hydrogen-bond
  5  4  0  0  0
    0.1609    0.4377    0.0000 C   0  0  0  0  0  0  0  0  0  1  0  0
    0.1609    0.4377    0.0000 H   0  0  0  0  0  0  0  0  0  2  0  0
    0.1609    0.4377    0.0000 R   0  0  0  0  0  0  0  0  0  3  0  0
    0.1609    0.4377    0.0000 R   0  0  0  0  0  0  0  0  0  4  0  0
    0.1609    0.4377    0.0000 H   0  0  0  0  0  0  0  0  0  5  0  0
  1  2  1  0  0  0  4
  1  3  1  0  0  0  4
  1  4  1  0  0  0  4
  1  5  1  0  0  0  4
$$$$
6
 -CPSS-  151297
tertiary-carbon-hydrogen-bond
  5  4  0  0  0
    0.1609    0.4377    0.0000 C   0  0  0  0  0  0  0  0  0  1  0  0
    0.1609    0.4377    0.0000 H   0  0  0  0  0  0  0  0  0  2  0  0
    0.1609    0.4377    0.0000 R   0  0  0  0  0  0  0  0  0  3  0  0
    0.1609    0.4377    0.0000 R   0  0  0  0  0  0  0  0  0  4  0  0
    0.1609    0.4377    0.0000 R   0  0  0  0  0  0  0  0  0  5  0  0
  1  2  1  0  0  0  4
  1  3  1  0  0  0  4
  1  4  1  0  0  0  4
  1  5  1  0  0  0  4
$$$$
7
 -CPSS-  151297
general-carbon-radical
  4  3  0  0  0
    0.1609    0.4377    0.0000 C   0  4  0  0  0  0  0  0  0  1  0  0
    0.1609    0.4377    0.0000 Q   0  0  0  0  0  0  0  0  0  3  0  0
    0.1609    0.4377    0.0000 Q   0  0  0  0  0  0  0  0  0  4  0  0
    0.1609    0.4377    0.0000 Q   0  0  0  0  0  0  0  0  0  5  0  0
  1  2  1  0  0  0  4
  1  3  1  0  0  0  4
  1  4  1  0  0  0  4
$$$$
8
 -CPSS-  151297
methane-carbon-radical
  4  3  0  0  0
    0.1609    0.4377    0.0000 C   0  4  0  0  0  0  0  0  0  1  0  0
    0.1609    0.4377    0.0000 H   0  0  0  0  0  0  0  0  0  3  0  0
    0.1609    0.4377    0.0000 H   0  0  0  0  0  0  0  0  0  4  0  0
    0.1609    0.4377    0.0000 H   0  0  0  0  0  0  0  0  0  5  0  0
  1  2  1  0  0  0  4
  1  3  1  0  0  0  4
  1  4  1  0  0  0  4
$$$$
9
 -CPSS-  151297
primary-carbon-radical
  4  3  0  0  0
    0.1609    0.4377    0.0000 C   0  4  0  0  0  0  0  0  0  1  0  0
    0.1609    0.4377    0.0000 R   0  0  0  0  0  0  0  0  0  4  0  0
    0.1609    0.4377    0.0000 H   0  0  0  0  0  0  0  0  0  5  0  0
    0.1609    0.4377    0.0000 H   0  0  0  0  0  0  0  0  0  6  0  0
  1  2  1  0  0  0  2
  1  3  1  0  0  0  2
  1  4  1  0  0  0  2
$$$$
10
 -CPSS-  151297
secondary-carbon-radical
  4  3  0  0  0
    0.1609    0.4377    0.0000 C   0  4  0  0  0  0  0  0  0  1  0  0
    0.1609    0.4377    0.0000 R   0  0  0  0  0  0  0  0  0  4  0  0
    0.1609    0.4377    0.0000 R   0  0  0  0  0  0  0  0  0  5  0  0
    0.1609    0.4377    0.0000 H   0  0  0  0  0  0  0  0  0  6  0  0
  1  2  1  0  0  0  2
  1  3  1  0  0  0  2
  1  4  1  0  0  0  2
$$$$
11
 -CPSS-  151297
tertiary-carbon-radical
  4  3  0  0  0
    0.1609    0.4377    0.0000 C   0  4  0  0  0  0  0  0  0  1  0  0
    0.1609    0.4377    0.0000 R   0  0  0  0  0  0  0  0  0  4  0  0
    0.1609    0.4377    0.0000 R   0  0  0  0  0  0  0  0  0  5  0  0
    0.1609    0.4377    0.0000 R   0  0  0  0  0  0  0  0  0  6  0  0
  1  2  1  0  0  0  2
  1  3  1  0  0  0  2
  1  4  1  0  0  0  2
$$$$
